    2   'Bg'    0.032221    0.673465
    3   'Cg'    8.328149    1.160917
    7   'Aprig'    0.509885    3.580619
    8   'Bprig'   -0.192249    0.162172
    9   'Cprig'   25.000000    0.000000
   12   'Buv'    0.704511    0.060320
   13   'Cuv'    4.944698    0.123820
   15   'Euv'   14.896469    4.356444
   22   'Bdv'    0.816581    0.119535
   23   'Cdv'    4.112869    0.528192
   33   'CUbar'    7.944021    0.916665
   34   'DUbar'   11.330243    3.880588
   41   'ADbar'    0.174404    0.013959
   42   'BDbar'   -0.171976    0.009546
   43   'CDbar'    5.506119    1.593681
  101   'alphas'    0.118000    0.000000
  102   'fs'    0.400000    0.000000
  103   'fcharm'    0.000000    0.000000
  104   '\eta'   -0.000000    0.000000
