    2   'Bg'    0.023938    0.017720
    3   'Cg'    8.313191    0.695835
    7   'Aprig'    0.550318    0.312432
    8   'Bprig'   -0.191524    0.073339
    9   'Cprig'   25.000000    0.000000
   12   'Buv'    0.705034    0.034913
   13   'Cuv'    4.944116    0.081375
   15   'Euv'   14.862817    2.021670
   22   'Bdv'    0.817562    0.097041
   23   'Cdv'    4.117073    0.398736
   33   'CUbar'    7.944219    0.748874
   34   'DUbar'   11.309433    1.530894
   41   'ADbar'    0.174528    0.007367
   42   'BDbar'   -0.171886    0.004979
   43   'CDbar'    5.509593    1.203020
  101   'alphas'    0.118000    0.000000
  102   'fs'    0.400000    0.000000
  103   'fcharm'    0.000000    0.000000
  104   '\eta'    0.000000    0.000000
