    2   'Bg'    0.031595    0.028169
    3   'Cg'    8.552183    0.397918
    7   'Aprig'    0.585052    0.152227
    8   'Bprig'   -0.181179    0.030098
    9   'Cprig'   25.000000    0.000000
   12   'Buv'    0.706665    0.016116
   13   'Cuv'    4.952009    0.062600
   15   'Euv'   14.717896    1.066664
   22   'Bdv'    0.813996    0.056744
   23   'Cdv'    4.118608    0.277970
   33   'CUbar'    8.013103    0.462081
   34   'DUbar'   11.617010    1.500022
   41   'ADbar'    0.173366    0.006654
   42   'BDbar'   -0.172823    0.004624
   43   'CDbar'    5.232176    0.884394
  101   'alphas'    0.118000    0.000000
  102   'fs'    0.400000    0.000000
  103   'fcharm'    0.000000    0.000000
  104   '\eta'   -0.000000    0.000000
