    2   'Bg'    0.031765    0.028525
    3   'Cg'    8.336880    0.395957
    7   'Aprig'    0.519504    0.142292
    8   'Bprig'   -0.190751    0.031389
    9   'Cprig'   25.000000    0.000000
   12   'Buv'    0.706070    0.016419
   13   'Cuv'    4.945174    0.062901
   15   'Euv'   14.823224    1.081517
   22   'Bdv'    0.820621    0.058294
   23   'Cdv'    4.125951    0.281319
   33   'CUbar'    7.966054    0.471617
   34   'DUbar'   11.330516    1.492739
   41   'ADbar'    0.174587    0.006711
   42   'BDbar'   -0.171881    0.004629
   43   'CDbar'    5.545359    0.952201
  101   'alphas'    0.118000    0.000000
  102   'fs'    0.400000    0.000000
  103   'fcharm'    0.000000    0.000000
  104   '\eta'    0.000000    0.000000
