    2   'Bg'    0.026606    0.028072
    3   'Cg'    8.404245    0.393613
    7   'Aprig'    0.589061    0.150581
    8   'Bprig'   -0.182715    0.029677
    9   'Cprig'   25.000000    0.000000
   12   'Buv'    0.713550    0.016390
   13   'Cuv'    4.946016    0.062698
   15   'Euv'   14.484661    1.061761
   22   'Bdv'    0.841054    0.058923
   23   'Cdv'    4.196566    0.283158
   33   'CUbar'    8.090956    0.480433
   34   'DUbar'   11.395574    1.505393
   41   'ADbar'    0.175406    0.006747
   42   'BDbar'   -0.171467    0.004634
   43   'CDbar'    5.699783    0.968235
  101   'alphas'    0.118000    0.000000
  102   'fs'    0.400000    0.000000
  103   'fcharm'    0.000000    0.000000
  104   '\eta'    0.000000    0.000001
