    2   'Bg'    0.033525    0.028563
    3   'Cg'    9.260191    1.288087
    7   'Aprig'    0.721093    0.362955
    8   'Bprig'   -0.161996    0.074723
    9   'Cprig'   25.000000    0.000000
   12   'Buv'    0.707532    0.033322
   13   'Cuv'    4.944745    0.081189
   15   'Euv'   14.576436    2.221139
   22   'Bdv'    0.794945    0.087653
   23   'Cdv'    4.195982    0.377109
   33   'CUbar'    8.604289    0.624463
   34   'DUbar'   12.768649    3.054628
   41   'ADbar'    0.171488    0.010958
   42   'BDbar'   -0.173636    0.007296
   43   'CDbar'    3.579209    1.536095
  101   'alphas'    0.118000    0.000000
  102   'fs'    0.400000    0.000000
  103   'fcharm'    0.000000    0.000000
  104   '\eta'   -0.000000    0.000000
