    2   'Bg'    0.027027    0.027969
    3   'Cg'    8.595142    0.399500
    7   'Aprig'    0.610667    0.153859
    8   'Bprig'   -0.179314    0.029368
    9   'Cprig'   25.000000    0.000000
   12   'Buv'    0.710679    0.016154
   13   'Cuv'    4.939916    0.062545
   15   'Euv'   14.582531    1.057426
   22   'Bdv'    0.823635    0.056873
   23   'Cdv'    4.154814    0.277472
   33   'CUbar'    8.238215    0.485413
   34   'DUbar'   11.669377    1.526674
   41   'ADbar'    0.174626    0.006693
   42   'BDbar'   -0.171754    0.004628
   43   'CDbar'    4.904625    0.838395
  101   'alphas'    0.118000    0.000000
  102   'fs'    0.400000    0.000000
  103   'fcharm'    0.000000    0.000000
  104   '\eta'   -0.000000    0.000000
