    2   'Bg'    0.041375    0.033162
    3   'Cg'   11.008179    1.383855
    7   'Aprig'    0.938844    0.251884
    8   'Bprig'   -0.147089    0.037296
    9   'Cprig'   25.000000    0.000000
   12   'Buv'    0.676808    0.024921
   13   'Cuv'    5.165509    0.218058
   15   'Euv'   17.919534    3.300238
   22   'Bdv'    0.743793    0.066253
   23   'Cdv'    4.762975    0.677563
   33   'CUbar'    9.520169    1.118563
   34   'DUbar'   18.236725    5.276814
   41   'ADbar'    0.158309    0.010030
   42   'BDbar'   -0.182022    0.007243
   43   'CDbar'    1.682465    0.642317
  101   'alphas'    0.118000    0.000000
  102   'fs'    0.400000    0.000000
  103   'fcharm'    0.000000    0.000000
  104   '\eta'    0.000001    0.000000
