    2   'Bg'    0.032991    0.028209
    3   'Cg'    8.635803    0.399575
    7   'Aprig'    0.594155    0.154395
    8   'Bprig'   -0.179340    0.030101
    9   'Cprig'   25.000000    0.000000
   12   'Buv'    0.705515    0.016134
   13   'Cuv'    4.948812    0.063143
   15   'Euv'   14.787309    1.074312
   22   'Bdv'    0.812616    0.055837
   23   'Cdv'    4.111051    0.276002
   33   'CUbar'    8.041669    0.460813
   34   'DUbar'   11.835055    1.509651
   41   'ADbar'    0.172990    0.006642
   42   'BDbar'   -0.173107    0.004626
   43   'CDbar'    5.185566    0.854513
  101   'alphas'    0.118000    0.000000
  102   'fs'    0.400000    0.000000
  103   'fcharm'    0.000000    0.000000
  104   '\eta'    0.000001    0.000001
