    2   'Bg'    0.031626    0.028537
    3   'Cg'    8.331946    0.395997
    7   'Aprig'    0.518447    0.141958
    8   'Bprig'   -0.191054    0.031385
    9   'Cprig'   25.000000    0.000000
   12   'Buv'    0.705964    0.016425
   13   'Cuv'    4.945104    0.062910
   15   'Euv'   14.827453    1.082128
   22   'Bdv'    0.820528    0.058316
   23   'Cdv'    4.125757    0.281392
   33   'CUbar'    7.963212    0.471672
   34   'DUbar'   11.321634    1.492116
   41   'ADbar'    0.174600    0.006712
   42   'BDbar'   -0.171869    0.004630
   43   'CDbar'    5.548162    0.953877
  101   'alphas'    0.118000    0.000000
  102   'fs'    0.400000    0.000000
  103   'fcharm'    0.000000    0.000000
  104   '\eta'   -0.000000    0.000000
