    2   'Bg'    0.035660    0.135980
    3   'Cg'    8.034363    0.927536
    7   'Aprig'    0.348756    0.611352
    8   'Bprig'   -0.226633    0.103112
    9   'Cprig'   25.000000    0.000000
   12   'Buv'    0.681974    0.035728
   13   'Cuv'    4.928402    0.088337
   15   'Euv'   16.127349    2.505114
   22   'Bdv'    0.777348    0.099190
   23   'Cdv'    4.014381    0.419519
   33   'CUbar'    7.690085    0.790565
   34   'DUbar'   11.260807    2.882131
   41   'ADbar'    0.173216    0.010098
   42   'BDbar'   -0.172245    0.006804
   43   'CDbar'    5.188822    1.492881
  101   'alphas'    0.118000    0.000000
  102   'fs'    0.400000    0.000000
  103   'fcharm'    0.000000    0.000000
  104   '\eta'   -0.000002    0.000000
