    2   'Bg'    0.031865    0.028546
    3   'Cg'    8.333200    0.396054
    7   'Aprig'    0.516760    0.141845
    8   'Bprig'   -0.191177    0.031452
    9   'Cprig'   25.000000    0.000000
   12   'Buv'    0.705645    0.016426
   13   'Cuv'    4.944902    0.062932
   15   'Euv'   14.841405    1.083014
   22   'Bdv'    0.819546    0.058255
   23   'Cdv'    4.122676    0.281215
   33   'CUbar'    7.958394    0.471289
   34   'DUbar'   11.324401    1.492361
   41   'ADbar'    0.174552    0.006710
   42   'BDbar'   -0.171897    0.004630
   43   'CDbar'    5.536362    0.951067
  101   'alphas'    0.118000    0.000000
  102   'fs'    0.400000    0.000000
  103   'fcharm'    0.000000    0.000000
  104   '\eta'    0.000000    0.000000
