    2   'Bg'    0.032864    0.028180
    3   'Cg'    8.634270    0.399303
    7   'Aprig'    0.594306    0.154416
    8   'Bprig'   -0.179413    0.030074
    9   'Cprig'   25.000000    0.000000
   12   'Buv'    0.705494    0.016129
   13   'Cuv'    4.948910    0.063130
   15   'Euv'   14.790017    1.074135
   22   'Bdv'    0.812602    0.055815
   23   'Cdv'    4.110930    0.275937
   33   'CUbar'    8.042309    0.460623
   34   'DUbar'   11.836740    1.509143
   41   'ADbar'    0.172990    0.006640
   42   'BDbar'   -0.173105    0.004625
   43   'CDbar'    5.186396    0.854019
  101   'alphas'    0.118000    0.000000
  102   'fs'    0.400000    0.000000
  103   'fcharm'    0.000000    0.000000
  104   '\eta'   -0.000003    0.000001
