    2   'Bg'    0.026599    0.028075
    3   'Cg'    8.404152    0.393647
    7   'Aprig'    0.589064    0.150573
    8   'Bprig'   -0.182720    0.029678
    9   'Cprig'   25.000000    0.000000
   12   'Buv'    0.713547    0.016390
   13   'Cuv'    4.946019    0.062699
   15   'Euv'   14.484910    1.061824
   22   'Bdv'    0.841056    0.058925
   23   'Cdv'    4.196560    0.283160
   33   'CUbar'    8.090956    0.480449
   34   'DUbar'   11.395836    1.505458
   41   'ADbar'    0.175406    0.006747
   42   'BDbar'   -0.171467    0.004634
   43   'CDbar'    5.700069    0.968391
  101   'alphas'    0.118000    0.000000
  102   'fs'    0.400000    0.000000
  103   'fcharm'    0.000000    0.000000
  104   '\eta'   -0.000000    0.000001
