    2   'Bg'    0.029492    0.028209
    3   'Cg'    8.396064    0.394647
    7   'Aprig'    0.553623    0.146099
    8   'Bprig'   -0.186271    0.030476
    9   'Cprig'   25.000000    0.000000
   12   'Buv'    0.709713    0.016170
   13   'Cuv'    4.943788    0.062700
   15   'Euv'   14.661618    1.064626
   22   'Bdv'    0.829115    0.057470
   23   'Cdv'    4.155061    0.279170
   33   'CUbar'    8.068536    0.476140
   34   'DUbar'   11.395767    1.499395
   41   'ADbar'    0.175027    0.006720
   42   'BDbar'   -0.171597    0.004634
   43   'CDbar'    5.473446    0.939764
  101   'alphas'    0.118000    0.000000
  102   'fs'    0.400000    0.000000
  103   'fcharm'    0.000000    0.000000
  104   '\eta'    0.000000    0.000000
