    2   'Bg'    0.029877    0.026960
    3   'Cg'    8.919656    1.118743
    7   'Aprig'    0.664605    0.334438
    8   'Bprig'   -0.170532    0.075604
    9   'Cprig'   25.000000    0.000000
   12   'Buv'    0.708612    0.029927
   13   'Cuv'    4.940430    0.078364
   15   'Euv'   14.567692    2.142361
   22   'Bdv'    0.804818    0.081499
   23   'Cdv'    4.156811    0.362019
   33   'CUbar'    8.404158    0.503801
   34   'DUbar'   12.129205    2.688433
   41   'ADbar'    0.173031    0.010338
   42   'BDbar'   -0.172677    0.006912
   43   'CDbar'    4.113709    1.441963
  101   'alphas'    0.118000    0.000000
  102   'fs'    0.400000    0.000000
  103   'fcharm'    0.000000    0.000000
  104   '\eta'   -0.000000    0.000000
