    2   'Bg'    0.031605    0.028170
    3   'Cg'    8.552586    0.397941
    7   'Aprig'    0.585170    0.152255
    8   'Bprig'   -0.181147    0.030100
    9   'Cprig'   25.000000    0.000000
   12   'Buv'    0.706668    0.016116
   13   'Cuv'    4.951977    0.062602
   15   'Euv'   14.717287    1.066664
   22   'Bdv'    0.813975    0.056744
   23   'Cdv'    4.118534    0.277967
   33   'CUbar'    8.013028    0.462090
   34   'DUbar'   11.616830    1.500053
   41   'ADbar'    0.173367    0.006655
   42   'BDbar'   -0.172822    0.004624
   43   'CDbar'    5.231718    0.884313
  101   'alphas'    0.118000    0.000000
  102   'fs'    0.400000    0.000000
  103   'fcharm'    0.000000    0.000000
  104   '\eta'    0.000001    0.000000
